[Prebinned Observables: energy, m (not prebinned), mAbs, m2, m4] T/J: 2.2, (LX, LY): (64, 64), nTherm: 1000, nBins: 10000, nSweeps: 100
-1.25551 -3420 0.785459 0.619161 0.388431 
-1.26484 3090 0.788887 0.623737 0.392446 
-1.27679 -3204 0.787686 0.622876 0.393762 
-1.25037 3188 0.800298 0.641915 0.415611 
-1.22776 3338 0.781719 0.613133 0.380674 
-1.22666 -3484 0.780249 0.610821 0.377734 
-1.20703 -1516 0.77876 0.61018 0.378799 
-1.15932 3198 0.770864 0.598523 0.367652 
-1.24578 -3384 0.780786 0.612377 0.381242 
-1.22578 2840 0.786548 0.620752 0.390291 
-1.23282 3238 0.781401 0.61342 0.382797 
-1.25303 3570 0.788794 0.624424 0.395109 
.
.
.