[Observables:energy, m2] T/J: 1, nTherm: 10000, nBins: 100, nSweeps: 1000
-1.99721 0.998647 
-1.99649 0.998398 
-1.99732 0.998491 
-1.99687 0.998584 
-1.99684 0.99846 
-1.99687 0.998413 
-1.99739 0.998694 
-1.99692 0.998585 
-1.99761 0.998677 
-1.99758 0.998647 
-1.99669 0.998305 
-1.99669 0.998337 
-1.99746 0.998647 
-1.9972 0.998492 
-1.99634 0.998134 
-1.99678 0.998506 
-1.99708 0.998724 
-1.99668 0.998445 
-1.9973 0.998678 
-1.99698 0.99846 
-1.9967 0.99846 
-1.99757 0.998895 
-1.9966 0.998522 
-1.99723 0.998631 
-1.99723 0.998647 
-1.99708 0.998445 
-1.99665 0.998166 
-1.99746 0.998553 
-1.99689 0.998522 
-1.99719 0.998538 
-1.99693 0.998428 
-1.99702 0.998632 
-1.99668 0.998413 
-1.99775 0.998678 
-1.99738 0.998569 
-1.99675 0.998429 
-1.99621 0.99832 
-1.99639 0.998336 
-1.99727 0.998569 
-1.99747 0.998631 
-1.99746 0.998631 
-1.9972 0.998429 
-1.99627 0.998414 
-1.99704 0.99846 
-1.99651 0.998352 
-1.99758 0.998755 
-1.99699 0.998538 
-1.99689 0.998616 
-1.99734 0.998616 
-1.99641 0.998352 
-1.99736 0.998819 
-1.99731 0.998631 
-1.99648 0.998429 
-1.9962 0.998274 
-1.99738 0.998508 
-1.99698 0.998569 
-1.99738 0.998678 
-1.99768 0.998787 
-1.99742 0.998677 
-1.9963 0.998305 
-1.99652 0.998352 
-1.99737 0.998492 
-1.99727 0.998709 
-1.99719 0.9986 
-1.99731 0.998724 
-1.99694 0.998553 
-1.99716 0.998507 
-1.9975 0.998833 
-1.99821 0.998958 
-1.997 0.998491 
-1.99707 0.99843 
-1.99739 0.998771 
-1.99773 0.998833 
-1.99744 0.998646 
-1.99684 0.998445 
-1.99727 0.998678 
-1.99757 0.998802 
-1.99778 0.998741 
-1.99721 0.998615 
-1.99695 0.998429 
-1.99733 0.998678 
-1.99679 0.998631 
-1.9973 0.998771 
-1.997 0.9986 
-1.9975 0.998647 
-1.99662 0.998507 
-1.99741 0.99874 
-1.99728 0.998367 
-1.99705 0.998615 
-1.99689 0.998383 
-1.99663 0.998537 
-1.99643 0.998351 
-1.99814 0.99888 
-1.99695 0.998554 
-1.99725 0.998337 
-1.99716 0.998647 
-1.99763 0.998818 
-1.99761 0.998693 
-1.99796 0.998864 
-1.99772 0.998833 
